
     Program PWSCF v.7.3.1 starts on 12Feb2026 at 17:14:59 

     This program is part of the open-source Quantum ESPRESSO suite
     for quantum simulation of materials; please cite
         "P. Giannozzi et al., J. Phys.:Condens. Matter 21 395502 (2009);
         "P. Giannozzi et al., J. Phys.:Condens. Matter 29 465901 (2017);
         "P. Giannozzi et al., J. Chem. Phys. 152 154105 (2020);
          URL http://www.quantum-espresso.org", 
     in publications or presentations arising from this work. More details at
     http://www.quantum-espresso.org/quote

     Parallel version (MPI), running on   256 processors

     MPI processes distributed on     2 nodes
     491913 MiB available memory on the printing compute node when the environment starts

     Waiting for input...
     Reading input from standard input
Warning: card &IONS ignored
Warning: card / ignored
Warning: card &CELL ignored
Warning: card   CELL_DOFREE = 'ALL', ignored
Warning: card / ignored

     Current dimensions of program PWSCF are:
     Max number of different atomic species (ntypx) = 50
     Max number of k-points (npk) =  40000
     Max angular momentum in pseudopotentials (lmaxx) =  4

     Atomic positions and unit cell read from directory:
     ./tmp_In1.0Ga0.0As0.5Sb0.5_cube_3x3x3.0/In1.0Ga0.0As0.5Sb0.5_cube_3x3x3.0.save/


     K-points division:     npool     =       4
     R & G space division:  proc/nbgrp/npool/nimage =      64
     Subspace diagonalization in iterative solution of the eigenvalue problem:
     one sub-group per band group will be used
     custom distributed-memory algorithm (size of sub-group:  8*  8 procs)


     Parallelization info
     --------------------
     sticks:   dense  smooth     PW     G-vecs:    dense   smooth      PW
     Min         762     762    196               126742   126742   16514
     Max         763     763    197               126749   126749   16519
     Sum       48817   48817  12557              8111753  8111753 1057027

     Using Slab Decomposition



     bravais-lattice index     =            1
     lattice parameter (alat)  =      35.7468  a.u.
     unit-cell volume          =   45678.4206 (a.u.)^3
     number of atoms/cell      =          216
     number of atomic types    =            4
     number of electrons       =      3024.00
     number of Kohn-Sham states=         2160
     kinetic-energy cutoff     =     120.0000  Ry
     charge density cutoff     =     480.0000  Ry
     Exchange-correlation= PBE
                           (   1   4   3   4   0   0   0)
     Hubbard projectors: atomic
     Hubbard parameters of DFT+U (Dudarev formulation) in eV:
     U(As-4p) =  3.2600
     U(Ga-4p) = -2.8000
     U(In-5p) = -1.0150
     U(Sb-5p) =  3.1600

     Internal variables: lda_plus_u =T, lda_plus_u_kind = 0

     celldm(1)=  35.746788  celldm(2)=   0.000000  celldm(3)=   0.000000
     celldm(4)=   0.000000  celldm(5)=   0.000000  celldm(6)=   0.000000

     crystal axes: (cart. coord. in units of alat)
               a(1) = (   1.000000   0.000000   0.000000 )  
               a(2) = (   0.000000   1.000000   0.000000 )  
               a(3) = (   0.000000   0.000000   1.000000 )  

     reciprocal axes: (cart. coord. in units 2 pi/alat)
               b(1) = (  1.000000  0.000000  0.000000 )  
               b(2) = (  0.000000  1.000000  0.000000 )  
               b(3) = (  0.000000  0.000000  1.000000 )  


     PseudoPot. # 1 for As read from file:
     /work/i254/i254/gentles/data/pseudos/As.pbe.NC-SR.standard.v0.5.UPF
     MD5 check sum: bfe1a874457ce592347346129958e7cf
     Pseudo is Norm-conserving + core correction, Zval = 15.0
     Generated using ONCVPSP code by D. R. Hamann
     Using radial grid of 1358 points,  6 beta functions with: 
                l(1) =   0
                l(2) =   0
                l(3) =   1
                l(4) =   1
                l(5) =   2
                l(6) =   2

     PseudoPot. # 2 for Ga read from file:
     /work/i254/i254/gentles/data/pseudos/Ga.pbe.NC-SR.standard.v0.5.UPF
     MD5 check sum: 2bb81bf6f0a8d9832cf3329850435ecf
     Pseudo is Norm-conserving + core correction, Zval = 13.0
     Generated using ONCVPSP code by D. R. Hamann
     Using radial grid of 1902 points,  6 beta functions with: 
                l(1) =   0
                l(2) =   0
                l(3) =   1
                l(4) =   1
                l(5) =   2
                l(6) =   2

     PseudoPot. # 3 for In read from file:
     /work/i254/i254/gentles/data/pseudos/In.pbe.NC-SR.standard.v0.5.UPF
     MD5 check sum: 835f4bf908c982ff75c88e16816a8d7f
     Pseudo is Norm-conserving + core correction, Zval = 13.0
     Generated using ONCVPSP code by D. R. Hamann
     Using radial grid of 1964 points,  6 beta functions with: 
                l(1) =   0
                l(2) =   0
                l(3) =   1
                l(4) =   1
                l(5) =   2
                l(6) =   2

     PseudoPot. # 4 for Sb read from file:
     /work/i254/i254/gentles/data/pseudos/Sb.pbe.NC-SR.standard.v0.5.UPF
     MD5 check sum: 127f69b6101c45666faeae1b5d611565
     Pseudo is Norm-conserving + core correction, Zval = 15.0
     Generated using ONCVPSP code by D. R. Hamann
     Using radial grid of 1434 points,  6 beta functions with: 
                l(1) =   0
                l(2) =   0
                l(3) =   1
                l(4) =   1
                l(5) =   2
                l(6) =   2

     atomic species   valence    mass     pseudopotential
     As               15.00    74.92160     As( 1.00)
     Ga               13.00    69.72300     Ga( 1.00)
     In               13.00   114.81800     In( 1.00)
     Sb               15.00   121.76000     Sb( 1.00)

     No symmetry found



   Cartesian axes

     site n.     atom                  positions (alat units)
         1        In     tau(   1) = (  -0.0018620   0.0110630   0.0022530  )
         2        In     tau(   2) = (   0.0074330   0.1676280   0.1688330  )
         3        In     tau(   3) = (   0.1712840   0.0066040   0.1660930  )
         4        In     tau(   4) = (   0.1616000   0.1656700   0.0056100  )
         5        As     tau(   5) = (   0.0840050   0.0842890   0.0867800  )
         6        As     tau(   6) = (   0.0847030   0.2495580   0.2524920  )
         7        As     tau(   7) = (   0.2512870   0.0852020   0.2533510  )
         8        Sb     tau(   8) = (   0.2503360   0.2500540   0.0887640  )
         9        In     tau(   9) = (  -0.0060200  -0.0040150   0.3404180  )
        10        In     tau(  10) = (  -0.0018120   0.1703890   0.5031300  )
        11        In     tau(  11) = (   0.1658550  -0.0060460   0.4991600  )
        12        In     tau(  12) = (   0.1699830   0.1702530   0.3318500  )
        13        Sb     tau(  13) = (   0.0831330   0.0848680   0.4176520  )
        14        As     tau(  14) = (   0.0836310   0.2485180   0.5845090  )
        15        Sb     tau(  15) = (   0.2487140   0.0845670   0.5809160  )
        16        As     tau(  16) = (   0.2515640   0.2511260   0.4145020  )
        17        In     tau(  17) = (   0.0014410   0.0054720   0.6607980  )
        18        In     tau(  18) = (  -0.0065350   0.1613960   0.8269650  )
        19        In     tau(  19) = (   0.1610940   0.0067060   0.8255310  )
        20        In     tau(  20) = (   0.1631580   0.1688860   0.6688840  )
        21        As     tau(  21) = (   0.0791220   0.0862350   0.7450200  )
        22        Sb     tau(  22) = (   0.0795820   0.2467900   0.9130800  )
        23        Sb     tau(  23) = (   0.2483350   0.0869410   0.9151520  )
        24        As     tau(  24) = (   0.2499330   0.2480270   0.7476970  )
        25        In     tau(  25) = (  -0.0045600   0.3368280  -0.0056600  )
        26        In     tau(  26) = (  -0.0085180   0.4998780   0.1672690  )
        27        In     tau(  27) = (   0.1669850   0.3350120   0.1769870  )
        28        In     tau(  28) = (   0.1667440   0.4987870   0.0021320  )
        29        Sb     tau(  29) = (   0.0806710   0.4151730   0.0865080  )
        30        Sb     tau(  30) = (   0.0836330   0.5802790   0.2518050  )
        31        As     tau(  31) = (   0.2539570   0.4140910   0.2550840  )
        32        Sb     tau(  32) = (   0.2550530   0.5812450   0.0863760  )
        33        In     tau(  33) = (  -0.0047660   0.3269610   0.3295210  )
        34        In     tau(  34) = (   0.0005220   0.4959970   0.5002090  )
        35        In     tau(  35) = (   0.1701220   0.3271550   0.5036990  )
        36        In     tau(  36) = (   0.1749900   0.4967090   0.3349420  )
        37        Sb     tau(  37) = (   0.0848590   0.4100360   0.4148690  )
        38        Sb     tau(  38) = (   0.0859310   0.5833290   0.5827340  )
        39        As     tau(  39) = (   0.2512830   0.4144690   0.5810220  )
        40        As     tau(  40) = (   0.2553050   0.5785930   0.4156220  )
        41        In     tau(  41) = (  -0.0001730   0.3252750   0.6670690  )
        42        In     tau(  42) = (  -0.0068890   0.4945450   0.8344030  )
        43        In     tau(  43) = (   0.1710900   0.3275250   0.8298270  )
        44        In     tau(  44) = (   0.1744280   0.4978180   0.6656520  )
        45        Sb     tau(  45) = (   0.0840710   0.4141020   0.7488350  )
        46        Sb     tau(  46) = (   0.0802720   0.5819260   0.9152270  )
        47        Sb     tau(  47) = (   0.2527630   0.4162740   0.9149350  )
        48        As     tau(  48) = (   0.2539230   0.5814990   0.7469680  )
        49        In     tau(  49) = (  -0.0103220   0.6652300  -0.0013030  )
        50        In     tau(  50) = (  -0.0005190   0.8366900   0.1673090  )
        51        In     tau(  51) = (   0.1659160   0.6674200   0.1659790  )
        52        In     tau(  52) = (   0.1708560   0.8395260   0.0043270  )
        53        Sb     tau(  53) = (   0.0800340   0.7505080   0.0804660  )
        54        Sb     tau(  54) = (   0.0863760   0.9205280   0.2525540  )
        55        Sb     tau(  55) = (   0.2526120   0.7498960   0.2525530  )
        56        As     tau(  56) = (   0.2516350   0.9204060   0.0871640  )
        57        In     tau(  57) = (   0.0008430   0.6689390   0.3355970  )
        58        In     tau(  58) = (  -0.0080380   0.8374050   0.5046390  )
        59        In     tau(  59) = (   0.1732690   0.6621770   0.4931120  )
        60        In     tau(  60) = (   0.1734900   0.8386280   0.3398130  )
        61        Sb     tau(  61) = (   0.0835580   0.7548300   0.4211270  )
        62        As     tau(  62) = (   0.0783490   0.9190690   0.5801120  )
        63        Sb     tau(  63) = (   0.2516570   0.7508590   0.5810880  )
        64        As     tau(  64) = (   0.2544960   0.9204440   0.4185360  )
        65        In     tau(  65) = (  -0.0066080   0.6710690   0.6604400  )
        66        In     tau(  66) = (  -0.0050230   0.8290650   0.8386850  )
        67        In     tau(  67) = (   0.1692220   0.6612330   0.8257390  )
        68        In     tau(  68) = (   0.1597130   0.8374680   0.6598160  )
        69        Sb     tau(  69) = (   0.0807130   0.7503730   0.7481270  )
        70        Sb     tau(  70) = (   0.0815300   0.9214160   0.9178200  )
        71        Sb     tau(  71) = (   0.2495700   0.7473260   0.9170510  )
        72        Sb     tau(  72) = (   0.2486520   0.9191280   0.7447170  )
        73        In     tau(  73) = (   0.3309080  -0.0007280   0.0020010  )
        74        In     tau(  74) = (   0.3352700   0.1676070   0.1778290  )
        75        In     tau(  75) = (   0.5019130  -0.0060470   0.1678430  )
        76        In     tau(  76) = (   0.5004090   0.1735200   0.0006680  )
        77        Sb     tau(  77) = (   0.4176910   0.0849270   0.0867280  )
        78        As     tau(  78) = (   0.4170980   0.2513770   0.2549910  )
        79        Sb     tau(  79) = (   0.5834310   0.0836140   0.2520520  )
        80        As     tau(  80) = (   0.5830350   0.2538540   0.0824420  )
        81        In     tau(  81) = (   0.3330850   0.0018230   0.3336630  )
        82        In     tau(  82) = (   0.3330350   0.1661350   0.4900720  )
        83        In     tau(  83) = (   0.5016880   0.0022380   0.4969410  )
        84        In     tau(  84) = (   0.4925450   0.1655830   0.3357840  )
        85        As     tau(  85) = (   0.4154700   0.0807920   0.4155470  )
        86        Sb     tau(  86) = (   0.4164690   0.2508680   0.5792070  )
        87        As     tau(  87) = (   0.5854010   0.0800520   0.5796000  )
        88        Sb     tau(  88) = (   0.5821340   0.2486780   0.4191080  )
        89        In     tau(  89) = (   0.3389220  -0.0010990   0.6595160  )
        90        In     tau(  90) = (   0.3361090   0.1743730   0.8321310  )
        91        In     tau(  91) = (   0.5066340  -0.0018360   0.8289320  )
        92        In     tau(  92) = (   0.5059660   0.1634130   0.6594940  )
        93        Sb     tau(  93) = (   0.4193620   0.0843330   0.7477590  )
        94        As     tau(  94) = (   0.4194030   0.2516810   0.9161790  )
        95        Sb     tau(  95) = (   0.5864310   0.0849870   0.9177540  )
        96        Sb     tau(  96) = (   0.5846400   0.2521420   0.7481470  )
        97        In     tau(  97) = (   0.3378270   0.3295530  -0.0014070  )
        98        In     tau(  98) = (   0.3359570   0.4958570   0.1762480  )
        99        In     tau(  99) = (   0.5030700   0.3284750   0.1721010  )
       100        In     tau( 100) = (   0.5038210   0.5008560  -0.0024110  )
       101        Sb     tau( 101) = (   0.4205190   0.4150230   0.0856390  )
       102        As     tau( 102) = (   0.4199150   0.5783710   0.2531420  )
       103        As     tau( 103) = (   0.5797650   0.4170010   0.2492480  )
       104        As     tau( 104) = (   0.5821550   0.5796180   0.0829690  )
       105        In     tau( 105) = (   0.3359880   0.3338040   0.3363730  )
       106        In     tau( 106) = (   0.3346520   0.4963320   0.4989660  )
       107        In     tau( 107) = (   0.5003290   0.3424660   0.4987040  )
       108        In     tau( 108) = (   0.5015930   0.4989200   0.3343550  )
       109        As     tau( 109) = (   0.4175570   0.4187380   0.4152400  )
       110        As     tau( 110) = (   0.4167110   0.5778300   0.5801760  )
       111        As     tau( 111) = (   0.5852790   0.4192510   0.5793050  )
       112        As     tau( 112) = (   0.5822810   0.5813580   0.4177710  )
       113        In     tau( 113) = (   0.3269440   0.3314250   0.6657520  )
       114        In     tau( 114) = (   0.3360790   0.5073890   0.8328760  )
       115        In     tau( 115) = (   0.5019160   0.3357140   0.8394580  )
       116        In     tau( 116) = (   0.5018240   0.4977300   0.6591330  )
       117        Sb     tau( 117) = (   0.4165160   0.4165920   0.7489350  )
       118        As     tau( 118) = (   0.4207340   0.5819720   0.9165050  )
       119        As     tau( 119) = (   0.5854390   0.4154230   0.9208340  )
       120        Sb     tau( 120) = (   0.5852130   0.5808050   0.7501550  )
       121        In     tau( 121) = (   0.3406510   0.6627550  -0.0025130  )
       122        In     tau( 122) = (   0.3350260   0.8408030   0.1695500  )
       123        In     tau( 123) = (   0.5011610   0.6573640   0.1692710  )
       124        In     tau( 124) = (   0.5084610   0.8343440   0.0056700  )
       125        Sb     tau( 125) = (   0.4196380   0.7497880   0.0870680  )
       126        As     tau( 126) = (   0.4161870   0.9204260   0.2520860  )
       127        Sb     tau( 127) = (   0.5836220   0.7497230   0.2527260  )
       128        As     tau( 128) = (   0.5865760   0.9157520   0.0873150  )
       129        In     tau( 129) = (   0.3373610   0.6586840   0.3333800  )
       130        In     tau( 130) = (   0.3367950   0.8412310   0.5004740  )
       131        In     tau( 131) = (   0.5000400   0.6593000   0.5006780  )
       132        In     tau( 132) = (   0.5002740   0.8417640   0.3336400  )
       133        Sb     tau( 133) = (   0.4185200   0.7504300   0.4171370  )
       134        As     tau( 134) = (   0.4220210   0.9204100   0.5794630  )
       135        Sb     tau( 135) = (   0.5860760   0.7501500   0.5818410  )
       136        As     tau( 136) = (   0.5840610   0.9205930   0.4163640  )
       137        In     tau( 137) = (   0.3355700   0.6591060   0.6627700  )
       138        In     tau( 138) = (   0.3323990   0.8334180   0.8319830  )
       139        In     tau( 139) = (   0.4985100   0.6648460   0.8353600  )
       140        In     tau( 140) = (   0.5017470   0.8400740   0.6635390  )
       141        Sb     tau( 141) = (   0.4175570   0.7496660   0.7459750  )
       142        Sb     tau( 142) = (   0.4206200   0.9161000   0.9179400  )
       143        Sb     tau( 143) = (   0.5886700   0.7497080   0.9153340  )
       144        As     tau( 144) = (   0.5857900   0.9171010   0.7457770  )
       145        In     tau( 145) = (   0.6662700  -0.0088130  -0.0001210  )
       146        In     tau( 146) = (   0.6621740   0.1702090   0.1610110  )
       147        In     tau( 147) = (   0.8270950  -0.0022420   0.1737980  )
       148        In     tau( 148) = (   0.8330780   0.1669150  -0.0063500  )
       149        Sb     tau( 149) = (   0.7487170   0.0816450   0.0811110  )
       150        Sb     tau( 150) = (   0.7485280   0.2513480   0.2504490  )
       151        Sb     tau( 151) = (   0.9158400   0.0845680   0.2531860  )
       152        Sb     tau( 152) = (   0.9166670   0.2501020   0.0833890  )
       153        In     tau( 153) = (   0.6702390   0.0006550   0.3393580  )
       154        In     tau( 154) = (   0.6701890   0.1616220   0.5029790  )
       155        In     tau( 155) = (   0.8335150   0.0016260   0.5032710  )
       156        In     tau( 156) = (   0.8312730   0.1665550   0.3421400  )
       157        As     tau( 157) = (   0.7516780   0.0816740   0.4213730  )
       158        As     tau( 158) = (   0.7499630   0.2461620   0.5816490  )
       159        As     tau( 159) = (   0.9164760   0.0864130   0.5817200  )
       160        As     tau( 160) = (   0.9163330   0.2482860   0.4176370  )
       161        In     tau( 161) = (   0.6646270  -0.0033050   0.6611670  )
       162        In     tau( 162) = (   0.6731310   0.1726560   0.8357220  )
       163        In     tau( 163) = (   0.8328450  -0.0000950   0.8394360  )
       164        In     tau( 164) = (   0.8357620   0.1692160   0.6629960  )
       165        Sb     tau( 165) = (   0.7508500   0.0829030   0.7479610  )
       166        As     tau( 166) = (   0.7519680   0.2533610   0.9182140  )
       167        As     tau( 167) = (   0.9153180   0.0848990   0.9151320  )
       168        As     tau( 168) = (   0.9155050   0.2472580   0.7488100  )
       169        In     tau( 169) = (   0.6682300   0.3337670   0.0015770  )
       170        In     tau( 170) = (   0.6606770   0.4945260   0.1628510  )
       171        In     tau( 171) = (   0.8314030   0.3397090   0.1656790  )
       172        In     tau( 172) = (   0.8301950   0.4988440  -0.0007020  )
       173        As     tau( 173) = (   0.7480950   0.4176210   0.0821910  )
       174        Sb     tau( 174) = (   0.7462490   0.5800640   0.2498900  )
       175        As     tau( 175) = (   0.9160720   0.4138410   0.2491430  )
       176        As     tau( 176) = (   0.9126390   0.5798860   0.0814530  )
       177        In     tau( 177) = (   0.6600160   0.3374040   0.3301560  )
       178        In     tau( 178) = (   0.6642240   0.5060410   0.5027770  )
       179        In     tau( 179) = (   0.8306450   0.3241460   0.4980120  )
       180        In     tau( 180) = (   0.8361550   0.4943020   0.3304430  )
       181        Sb     tau( 181) = (   0.7473520   0.4164560   0.4184710  )
       182        As     tau( 182) = (   0.7473030   0.5877660   0.5821620  )
       183        Sb     tau( 183) = (   0.9132570   0.4115330   0.5836130  )
       184        Sb     tau( 184) = (   0.9139580   0.5840380   0.4188730  )
       185        In     tau( 185) = (   0.6669260   0.3334290   0.6562880  )
       186        In     tau( 186) = (   0.6671840   0.4964750   0.8406520  )
       187        In     tau( 187) = (   0.8364880   0.3289610   0.8340090  )
       188        In     tau( 188) = (   0.8269620   0.5039900   0.6608810  )
       189        Sb     tau( 189) = (   0.7495660   0.4143290   0.7488710  )
       190        As     tau( 190) = (   0.7491300   0.5812190   0.9185700  )
       191        As     tau( 191) = (   0.9109920   0.4161570   0.9163090  )
       192        Sb     tau( 192) = (   0.9114610   0.5855020   0.7493670  )
       193        In     tau( 193) = (   0.6664240   0.6580820   0.0021060  )
       194        In     tau( 194) = (   0.6687810   0.8385560   0.1704830  )
       195        In     tau( 195) = (   0.8341640   0.6623360   0.1632710  )
       196        In     tau( 196) = (   0.8308270   0.8342200  -0.0088120  )
       197        Sb     tau( 197) = (   0.7494370   0.7508850   0.0819240  )
       198        As     tau( 198) = (   0.7477880   0.9175270   0.2567310  )
       199        Sb     tau( 199) = (   0.9133050   0.7516660   0.2513170  )
       200        Sb     tau( 200) = (   0.9124580   0.9199350   0.0815320  )
       201        In     tau( 201) = (   0.6666200   0.6666530   0.3429870  )
       202        In     tau( 202) = (   0.6678980   0.8388520   0.4955800  )
       203        In     tau( 203) = (   0.8274730   0.6717160   0.5024980  )
       204        In     tau( 204) = (   0.8278640   0.8358700   0.3389300  )
       205        As     tau( 205) = (   0.7479860   0.7526030   0.4193050  )
       206        As     tau( 206) = (   0.7493320   0.9173250   0.5807510  )
       207        As     tau( 207) = (   0.9104790   0.7527220   0.5819670  )
       208        As     tau( 208) = (   0.9108470   0.9165680   0.4212760  )
       209        In     tau( 209) = (   0.6734430   0.6685160   0.6695160  )
       210        In     tau( 210) = (   0.6701960   0.8368730   0.8256510  )
       211        In     tau( 211) = (   0.8259670   0.6695140   0.8368050  )
       212        In     tau( 212) = (   0.8285100   0.8327980   0.6630710  )
       213        As     tau( 213) = (   0.7516370   0.7522230   0.7495250  )
       214        As     tau( 214) = (   0.7480090   0.9157310   0.9130040  )
       215        As     tau( 215) = (   0.9107990   0.7480290   0.9164270  )
       216        Sb     tau( 216) = (   0.9164270   0.9175280   0.7483610  )

     number of k points=   191

     Number of k-points >= 100: set verbosity='high' to print them.

     Dense  grid:  8111753 G-vectors     FFT dimensions: ( 250, 250, 250)

     Estimated max dynamical RAM per process >       3.81 GB

     Estimated total dynamical RAM >     975.65 GB
     Message from routine read_rhog:
     Conversion: Gamma charge to K charge

     The potential is recalculated from file :
     ./tmp_In1.0Ga0.0As0.5Sb0.5_cube_3x3x3.0/In1.0Ga0.0As0.5Sb0.5_cube_3x3x3.0.save/charge-density


     STARTING HUBBARD OCCUPATIONS:

     =================== HUBBARD OCCUPATIONS ===================
     ------------------------ ATOM    1 ------------------------
     Tr[ns(  1)] =   4.07895
     eigenvalues:
       0.671  0.677  0.692
     eigenvectors (columns):
       0.174 -0.791 -0.587
      -0.355  0.506 -0.787
       0.919  0.345 -0.193
     occupation matrix ns (before diag.):
       0.682  0.007  0.001
       0.007  0.685  0.004
       0.001  0.004  0.672
     ------------------------ ATOM    2 ------------------------
     Tr[ns(  2)] =   4.07380
     eigenvalues:
       0.671  0.682  0.684
     eigenvectors (columns):
      -0.590 -0.290  0.754
       0.005 -0.934 -0.356
       0.808 -0.207  0.552
     occupation matrix ns (before diag.):
       0.679 -0.000  0.006
      -0.000  0.682 -0.000
       0.006 -0.000  0.675
     ------------------------ ATOM    3 ------------------------
     Tr[ns(  3)] =   3.98751
     eigenvalues:
       0.656  0.663  0.675
     eigenvectors (columns):
      -0.479  0.585  0.655
      -0.133 -0.785  0.605
       0.868  0.203  0.454
     occupation matrix ns (before diag.):
       0.666  0.004  0.007
       0.004  0.667  0.004
       0.007  0.004  0.660
     ------------------------ ATOM    4 ------------------------
     Tr[ns(  4)] =   4.19045
     eigenvalues:
       0.685  0.696  0.715
     eigenvectors (columns):
       0.160  0.438 -0.885
       0.162  0.872  0.461
       0.974 -0.217  0.069
     occupation matrix ns (before diag.):
       0.710 -0.008 -0.003
      -0.008  0.699 -0.001
      -0.003 -0.001  0.686
     ------------------------ ATOM    5 ------------------------
     Tr[ns(  5)] =   5.36534
     eigenvalues:
       0.893  0.895  0.895
     eigenvectors (columns):
      -0.307  0.456 -0.836
      -0.279  0.796  0.537
       0.910  0.398 -0.117
     occupation matrix ns (before diag.):
       0.895 -0.000  0.001
      -0.000  0.895  0.001
       0.001  0.001  0.893
     ------------------------ ATOM    6 ------------------------
     Tr[ns(  6)] =   5.35487
     eigenvalues:
       0.891  0.892  0.894
     eigenvectors (columns):
       0.973  0.177  0.147
       0.083  0.326 -0.942
      -0.215  0.928  0.303
     occupation matrix ns (before diag.):
       0.891 -0.000  0.000
      -0.000  0.894 -0.001
       0.000 -0.001  0.892
     ------------------------ ATOM    7 ------------------------
     Tr[ns(  7)] =   5.35075
     eigenvalues:
       0.891  0.892  0.893
     eigenvectors (columns):
      -0.880 -0.079 -0.469
       0.264 -0.901 -0.343
       0.395  0.426 -0.814
     occupation matrix ns (before diag.):
       0.891  0.000  0.001
       0.000  0.892  0.000
       0.001  0.000  0.892
     ------------------------ ATOM    8 ------------------------
     Tr[ns(  8)] =   5.32775
     eigenvalues:
       0.885  0.888  0.891
     eigenvectors (columns):
      -0.116 -0.220  0.969
       0.018 -0.975 -0.220
       0.993 -0.008  0.117
     occupation matrix ns (before diag.):
       0.890 -0.000  0.001
      -0.000  0.889 -0.000
       0.001 -0.000  0.885
     ------------------------ ATOM    9 ------------------------
     Tr[ns(  9)] =   4.18147
     eigenvalues:
       0.692  0.693  0.705
     eigenvectors (columns):
       0.511  0.854  0.102
       0.277 -0.052 -0.959
       0.814 -0.518  0.263
     occupation matrix ns (before diag.):
       0.693 -0.001 -0.000
      -0.001  0.704 -0.003
      -0.000 -0.003  0.693
     ------------------------ ATOM   10 ------------------------
     Tr[ns( 10)] =   4.01963
     eigenvalues:
       0.657  0.668  0.685
     eigenvectors (columns):
       0.570  0.628  0.530
       0.145 -0.712  0.687
       0.809 -0.314 -0.497
     occupation matrix ns (before diag.):
       0.669  0.005 -0.009
       0.005  0.676 -0.007
      -0.009 -0.007  0.665
     ------------------------ ATOM   11 ------------------------
     Tr[ns( 11)] =   4.11658
     eigenvalues:
       0.675  0.684  0.699
     eigenvectors (columns):
       0.912  0.012 -0.410
       0.410 -0.032  0.911
      -0.002 -0.999 -0.034
     occupation matrix ns (before diag.):
       0.679 -0.009  0.000
      -0.009  0.695 -0.000
       0.000 -0.000  0.684
     ------------------------ ATOM   12 ------------------------
     Tr[ns( 12)] =   4.00808
     eigenvalues:
       0.657  0.665  0.682
     eigenvectors (columns):
      -0.882  0.213  0.419
       0.150 -0.717  0.680
       0.446  0.663  0.601
     occupation matrix ns (before diag.):
       0.662  0.006  0.008
       0.006  0.673  0.006
       0.008  0.006  0.670
     ------------------------ ATOM   13 ------------------------
     Tr[ns( 13)] =   5.33564
     eigenvalues:
       0.886  0.890  0.891
     eigenvectors (columns):
      -0.997  0.036 -0.063
      -0.026 -0.988 -0.154
       0.068  0.152 -0.986
     occupation matrix ns (before diag.):
       0.886 -0.000  0.000
      -0.000  0.890  0.000
       0.000  0.000  0.891
     ------------------------ ATOM   14 ------------------------
     Tr[ns( 14)] =   5.35074
     eigenvalues:
       0.890  0.892  0.893
     eigenvectors (columns):
       0.262  0.907 -0.330
       0.210  0.280  0.937
       0.942 -0.315 -0.117
     occupation matrix ns (before diag.):
       0.892 -0.000 -0.001
      -0.000  0.893 -0.001
      -0.001 -0.001  0.890
     ------------------------ ATOM   15 ------------------------
     Tr[ns( 15)] =   5.33483
     eigenvalues:
       0.888  0.889  0.890
     eigenvectors (columns):
       0.920  0.322 -0.223
      -0.363  0.488 -0.794
      -0.147  0.811  0.566
     occupation matrix ns (before diag.):
       0.888  0.001 -0.000
       0.001  0.890 -0.001
      -0.000 -0.001  0.889
     ------------------------ ATOM   16 ------------------------
     Tr[ns( 16)] =   5.34649
     eigenvalues:
       0.890  0.891  0.892
     eigenvectors (columns):
      -0.671 -0.246  0.700
       0.084 -0.963 -0.258
       0.737 -0.114  0.666
     occupation matrix ns (before diag.):
       0.891 -0.000  0.001
      -0.000  0.891 -0.000
       0.001 -0.000  0.891
     ------------------------ ATOM   17 ------------------------
     Tr[ns( 17)] =   4.00492
     eigenvalues:
       0.660  0.667  0.676
     eigenvectors (columns):
      -0.333 -0.849  0.409
       0.908 -0.172  0.383
      -0.255  0.499  0.828
     occupation matrix ns (before diag.):
       0.668  0.004  0.002
       0.004  0.662  0.004
       0.002  0.004  0.673
     ------------------------ ATOM   18 ------------------------
     Tr[ns( 18)] =   4.04673
     eigenvalues:
       0.666  0.675  0.682
     eigenvectors (columns):
       0.112  0.411 -0.905
      -0.354  0.867  0.350
       0.929  0.281  0.242
     occupation matrix ns (before diag.):
       0.681 -0.002 -0.002
      -0.002  0.675  0.003
      -0.002  0.003  0.668
     ------------------------ ATOM   19 ------------------------
     Tr[ns( 19)] =   4.15745
     eigenvalues:
       0.686  0.691  0.702
     eigenvectors (columns):
       0.410  0.361  0.837
      -0.171 -0.871  0.460
       0.896 -0.332 -0.296
     occupation matrix ns (before diag.):
       0.698  0.005 -0.005
       0.005  0.693 -0.001
      -0.005 -0.001  0.688
     ------------------------ ATOM   20 ------------------------
     Tr[ns( 20)] =   4.02166
     eigenvalues:
       0.659  0.667  0.684
     eigenvectors (columns):
       0.622  0.591  0.515
      -0.124 -0.574  0.809
       0.773 -0.567 -0.284
     occupation matrix ns (before diag.):
       0.669  0.008 -0.006
       0.008  0.678 -0.003
      -0.006 -0.003  0.664
     ------------------------ ATOM   21 ------------------------
     Tr[ns( 21)] =   5.37037
     eigenvalues:
       0.894  0.895  0.896
     eigenvectors (columns):
       0.521  0.630  0.576
      -0.133 -0.607  0.783
       0.843 -0.485 -0.233
     occupation matrix ns (before diag.):
       0.895  0.001 -0.001
       0.001  0.896 -0.000
      -0.001 -0.000  0.894
     ------------------------ ATOM   22 ------------------------
     Tr[ns( 22)] =   5.33458
     eigenvalues:
       0.887  0.889  0.891
     eigenvectors (columns):
       0.045  0.797 -0.602
      -0.447  0.555  0.701
       0.893  0.238  0.381
     occupation matrix ns (before diag.):
       0.890 -0.001 -0.000
      -0.001  0.890  0.001
      -0.000  0.001  0.888
     ------------------------ ATOM   23 ------------------------
     Tr[ns( 23)] =   5.31727
     eigenvalues:
       0.884  0.886  0.889
     eigenvectors (columns):
       0.116 -0.244 -0.963
       0.140  0.964 -0.227
       0.983 -0.108  0.146
     occupation matrix ns (before diag.):
       0.889  0.001 -0.001
       0.001  0.886 -0.000
      -0.001 -0.000  0.884
     ------------------------ ATOM   24 ------------------------
     Tr[ns( 24)] =   5.36107
     eigenvalues:
       0.892  0.894  0.895
     eigenvectors (columns):
       0.338 -0.849 -0.407
      -0.224  0.348 -0.910
       0.914  0.399 -0.073
     occupation matrix ns (before diag.):
       0.894  0.000 -0.001
       0.000  0.894  0.001
      -0.001  0.001  0.892
     ------------------------ ATOM   25 ------------------------
     Tr[ns( 25)] =   4.19175
     eigenvalues:
       0.691  0.696  0.709
     eigenvectors (columns):
       0.451  0.065 -0.890
      -0.415  0.898 -0.144
       0.791  0.434  0.432
     occupation matrix ns (before diag.):
       0.705  0.003 -0.007
       0.003  0.695  0.001
      -0.007  0.001  0.695
     ------------------------ ATOM   26 ------------------------
     Tr[ns( 26)] =   4.08753
     eigenvalues:
       0.669  0.682  0.693
     eigenvectors (columns):
       0.631  0.021 -0.776
       0.211  0.957  0.198
       0.747 -0.288  0.600
     occupation matrix ns (before diag.):
       0.683 -0.003 -0.011
      -0.003  0.682 -0.001
      -0.011 -0.001  0.679
     ------------------------ ATOM   27 ------------------------
     Tr[ns( 27)] =   4.08285
     eigenvalues:
       0.668  0.678  0.695
     eigenvectors (columns):
       0.214  0.938 -0.271
       0.489  0.137  0.861
       0.845 -0.317 -0.430
     occupation matrix ns (before diag.):
       0.679 -0.005  0.000
      -0.005  0.688 -0.011
       0.000 -0.011  0.674
     ------------------------ ATOM   28 ------------------------
     Tr[ns( 28)] =   4.24767
     eigenvalues:
       0.698  0.711  0.715
     eigenvectors (columns):
      -0.044 -0.994 -0.103
      -0.243  0.111 -0.964
       0.969 -0.018 -0.246
     occupation matrix ns (before diag.):
       0.711  0.000  0.001
       0.000  0.714  0.004
       0.001  0.004  0.699
     ------------------------ ATOM   29 ------------------------
     Tr[ns( 29)] =   5.33666
     eigenvalues:
       0.886  0.891  0.892
     eigenvectors (columns):
       0.116  0.599 -0.793
       0.042  0.794  0.606
       0.992 -0.104  0.067
     occupation matrix ns (before diag.):
       0.891 -0.001 -0.001
      -0.001  0.891 -0.000
      -0.001 -0.000  0.886
     ------------------------ ATOM   30 ------------------------
     Tr[ns( 30)] =   5.32627
     eigenvalues:
       0.886  0.887  0.890
     eigenvectors (columns):
      -0.827  0.531 -0.182
      -0.261 -0.076  0.962
      -0.497 -0.844 -0.202
     occupation matrix ns (before diag.):
       0.886 -0.001 -0.000
      -0.001  0.890 -0.001
      -0.000 -0.001  0.887
     ------------------------ ATOM   31 ------------------------
     Tr[ns( 31)] =   5.36608
     eigenvalues:
       0.893  0.894  0.896
     eigenvectors (columns):
       0.932  0.345  0.109
      -0.158  0.660 -0.735
      -0.326  0.667  0.670
     occupation matrix ns (before diag.):
       0.893 -0.000  0.000
      -0.000  0.895 -0.001
       0.000 -0.001  0.895
     ------------------------ ATOM   32 ------------------------
     Tr[ns( 32)] =   5.33364
     eigenvalues:
       0.887  0.889  0.891
     eigenvectors (columns):
      -0.358 -0.442 -0.823
       0.145  0.844 -0.516
       0.923 -0.304 -0.238
     occupation matrix ns (before diag.):
       0.890  0.001  0.001
       0.001  0.890 -0.000
       0.001 -0.000  0.887
     ------------------------ ATOM   33 ------------------------
     Tr[ns( 33)] =   3.97663
     eigenvalues:
       0.656  0.660  0.672
     eigenvectors (columns):
       0.133 -0.915  0.381
      -0.227 -0.403 -0.887
       0.965  0.032 -0.261
     occupation matrix ns (before diag.):
       0.662 -0.004 -0.002
      -0.004  0.669  0.004
      -0.002  0.004  0.657
     ------------------------ ATOM   34 ------------------------
     Tr[ns( 34)] =   4.24838
     eigenvalues:
       0.697  0.712  0.715
     eigenvectors (columns):
       0.964  0.265  0.026
      -0.224  0.858 -0.463
       0.145 -0.440 -0.886
     occupation matrix ns (before diag.):
       0.698  0.003 -0.002
       0.003  0.712  0.001
      -0.002  0.001  0.714
     ------------------------ ATOM   35 ------------------------
     Tr[ns( 35)] =   3.97766
     eigenvalues:
       0.650  0.663  0.675
     eigenvectors (columns):
      -0.455 -0.465  0.760
      -0.043 -0.841 -0.540
       0.890 -0.278  0.362
     occupation matrix ns (before diag.):
       0.667 -0.005  0.008
      -0.005  0.667 -0.002
       0.008 -0.002  0.655
     ------------------------ ATOM   36 ------------------------
     Tr[ns( 36)] =   4.10100
     eigenvalues:
       0.668  0.690  0.693
     eigenvectors (columns):
      -0.868  0.478 -0.131
      -0.060 -0.364 -0.929
       0.492  0.799 -0.345
     occupation matrix ns (before diag.):
       0.673 -0.001  0.010
      -0.001  0.692  0.001
       0.010  0.001  0.685
     ------------------------ ATOM   37 ------------------------
     Tr[ns( 37)] =   5.32349
     eigenvalues:
       0.886  0.887  0.890
     eigenvectors (columns):
      -0.607  0.794  0.007
       0.208  0.168 -0.964
      -0.767 -0.584 -0.267
     occupation matrix ns (before diag.):
       0.886  0.000 -0.001
       0.000  0.889  0.001
      -0.001  0.001  0.886
     ------------------------ ATOM   38 ------------------------
     Tr[ns( 38)] =   5.32041
     eigenvalues:
       0.884  0.886  0.890
     eigenvectors (columns):
      -0.962  0.272 -0.015
       0.025  0.034 -0.999
       0.271  0.962  0.040
     occupation matrix ns (before diag.):
       0.884  0.000  0.001
       0.000  0.890 -0.000
       0.001 -0.000  0.886
     ------------------------ ATOM   39 ------------------------
     Tr[ns( 39)] =   5.33933
     eigenvalues:
       0.888  0.890  0.892
     eigenvectors (columns):
      -0.131  0.807  0.576
      -0.984 -0.178  0.025
       0.122 -0.563  0.817
     occupation matrix ns (before diag.):
       0.890 -0.000  0.001
      -0.000  0.888  0.000
       0.001  0.000  0.891
     ------------------------ ATOM   40 ------------------------
     Tr[ns( 40)] =   5.35526
     eigenvalues:
       0.892  0.893  0.893
     eigenvectors (columns):
       0.657 -0.266  0.706
       0.734  0.440 -0.518
      -0.173  0.858  0.484
     occupation matrix ns (before diag.):
       0.893 -0.001  0.000
      -0.001  0.892 -0.000
       0.000 -0.000  0.893
     ------------------------ ATOM   41 ------------------------
     Tr[ns( 41)] =   4.10955
     eigenvalues:
       0.671  0.680  0.703
     eigenvectors (columns):
       0.842  0.038 -0.538
       0.529  0.141  0.837
       0.107 -0.989  0.098
     occupation matrix ns (before diag.):
       0.680 -0.014 -0.002
      -0.014  0.694  0.001
      -0.002  0.001  0.680
     ------------------------ ATOM   42 ------------------------
     Tr[ns( 42)] =   4.15425
     eigenvalues:
       0.683  0.693  0.701
     eigenvectors (columns):
       0.625  0.781  0.014
       0.402 -0.337  0.852
       0.670 -0.526 -0.524
     occupation matrix ns (before diag.):
       0.689 -0.002 -0.004
      -0.002  0.697 -0.006
      -0.004 -0.006  0.691
     ------------------------ ATOM   43 ------------------------
     Tr[ns( 43)] =   4.20498
     eigenvalues:
       0.691  0.699  0.712
     eigenvectors (columns):
      -0.759  0.643 -0.099
      -0.458 -0.420  0.783
       0.462  0.640  0.614
     occupation matrix ns (before diag.):
       0.695 -0.004  0.002
      -0.004  0.705  0.008
       0.002  0.008  0.702
     ------------------------ ATOM   44 ------------------------
     Tr[ns( 44)] =   4.06873
     eigenvalues:
       0.665  0.680  0.690
     eigenvectors (columns):
      -0.775  0.077 -0.627
      -0.010 -0.994 -0.109
       0.632  0.078 -0.771
     occupation matrix ns (before diag.):
       0.675  0.001  0.012
       0.001  0.680  0.001
       0.012  0.001  0.680
     ------------------------ ATOM   45 ------------------------
     Tr[ns( 45)] =   5.33425
     eigenvalues:
       0.886  0.889  0.892
     eigenvectors (columns):
      -0.981  0.160  0.113
      -0.109  0.033 -0.993
       0.162  0.987  0.015
     occupation matrix ns (before diag.):
       0.887 -0.001  0.000
